Seq1	BGC0000195|alnM	1.000	428	0	0	1	428	1	428	9.252E-279	846
Seq1	BGC0000225|frnM	0.712	403	114	0	21	423	21	418	1.687E-179	559
Seq1	BGC0001622|gene9	0.691	408	124	0	19	426	17	419	8.127E-179	557
Seq1	BGC0000261|zhuA	0.673	407	132	0	20	426	11	414	7.555E-169	528
Seq1	BGC0001762|rubE9	0.674	395	127	0	29	423	3	392	2.677E-165	518
Seq1	BGC0001386|ifnO	0.638	408	146	0	21	428	4	406	8.496E-164	514
Seq1	BGC0001625|ifqO	0.650	405	140	0	20	424	4	403	2.987E-163	512
Seq1	BGC0001960|hrsM2	0.662	404	135	0	21	424	12	410	2.696E-162	509
Seq1	BGC0000220|encB	0.636	402	145	0	21	422	6	403	1.171E-160	505
Seq1	BGC0000194|SCO5088	0.636	403	145	0	21	423	4	401	1.056E-159	502
Seq1	BGC0000245|med-ORF2	0.632	407	148	0	20	426	5	406	1.981E-159	501
Seq1	BGC0001596|gene10	0.631	407	147	0	20	426	5	404	1.787E-158	498
Seq1	BGC0001675|mrqB	0.638	405	145	0	20	424	5	405	6.279E-158	497
Seq1	BGC0001177|msnK2	0.623	405	150	0	21	425	1	399	4.137E-157	494
Seq1	BGC0000234|gene1	0.622	403	149	0	21	423	6	401	1.454E-156	493
Seq1	BGC0001730|gene17	0.605	408	158	0	20	427	28	429	5.109E-156	491
Seq1	BGC0001852|gene23	0.628	404	148	0	19	422	4	402	6.994E-156	491
Seq1	BGC0000267|saqB	0.625	407	150	0	20	426	5	405	3.365E-155	489
Seq1	BGC0000253|ovmK	0.616	404	152	0	21	424	9	405	3.365E-155	489
Seq1	BGC0000223|gene10	0.625	403	148	0	21	423	11	406	6.308E-155	488
Seq1	BGC0000229|gene11	0.604	405	157	0	20	424	8	405	2.736E-153	483
Seq1	BGC0000221|gene3	0.610	405	156	0	21	425	6	405	7.021E-153	482
Seq1	BGC0000202|azicB	0.614	407	154	0	17	423	2	400	9.612E-153	482
Seq1	BGC0001073|gene20	0.615	405	153	0	20	424	4	402	1.316E-152	481
Seq1	BGC0001851|gene22	0.618	404	152	0	19	422	4	402	1.316E-152	481
Seq1	BGC0001384|sprE	0.608	403	155	0	22	424	10	406	1.316E-152	481
Seq1	BGC0000274|gene31	0.614	404	153	0	21	424	4	401	1.802E-152	481
Seq1	BGC0000236|kinB	0.601	404	158	0	21	424	6	402	2.467E-152	481
Seq1	BGC0001904|gene6	0.607	403	155	0	21	423	6	401	6.330E-152	479
Seq1	BGC0001072|simA2	0.612	403	153	0	21	423	6	401	8.666E-152	479
Seq1	BGC0001769|sqnI	0.601	406	159	0	21	426	9	408	2.224E-151	478
Seq1	BGC0000212|gene15	0.600	411	162	0	18	428	8	412	1.464E-150	475
Seq1	BGC0000247|mtmK	0.619	405	152	0	20	424	8	406	2.744E-150	475
Seq1	BGC0001661|may15	0.606	404	156	0	21	424	6	402	3.756E-150	474
Seq1	BGC0001376|gene23	0.606	403	156	0	20	422	5	402	7.040E-150	473
Seq1	BGC0000203|bexB	0.605	411	158	0	13	423	14	415	1.319E-149	473
Seq1	BGC0000224|gene9	0.611	403	154	0	21	423	5	401	1.806E-149	472
Seq1	BGC0000197|gene10	0.603	404	157	0	21	424	8	404	1.628E-148	469
Seq1	BGC0000232|hrbE	0.592	407	163	0	20	426	5	404	3.051E-148	469
Seq1	BGC0000273|stfK	0.600	402	158	0	21	422	1	396	3.051E-148	469
Seq1	BGC0002016|gene11	0.599	406	160	0	21	426	6	405	3.051E-148	469
Seq1	BGC0000263|ravB	0.589	406	164	0	19	424	2	400	5.717E-148	468
Seq1	BGC0002021|gene9	0.606	406	157	0	19	424	2	400	7.826E-148	467
Seq1	BGC0000210|cmmK	0.597	412	162	0	17	428	2	405	7.826E-148	467
Seq1	BGC0000262|gene16	0.587	406	165	0	21	426	6	405	2.749E-147	466
Seq1	BGC0000235|gene14	0.591	408	164	0	19	426	4	405	3.763E-147	466
Seq1	BGC0002021|gene32	0.599	405	158	0	19	423	2	395	5.151E-147	465
Seq1	BGC0000240|lom59	0.595	410	163	0	19	428	3	406	5.151E-147	465
Seq1	BGC0001062|gene18	0.594	406	162	0	19	424	3	403	1.809E-146	464
Seq1	BGC0000268|schP7	0.583	405	166	0	22	426	9	407	2.476E-146	463
Seq1	BGC0002028|gene19	0.580	407	168	0	20	426	5	405	3.390E-146	463
Seq1	BGC0001438|gene27	0.588	408	164	0	19	426	4	403	6.352E-146	462
Seq1	BGC0000241|gene53	0.595	405	161	0	19	423	3	401	6.352E-146	462
Seq1	BGC0000237|lcz32	0.592	404	163	0	21	424	6	405	1.190E-145	461
Seq1	BGC0001895|gene5	0.606	404	154	0	20	423	5	396	2.230E-145	460
Seq1	BGC0000191|aknC	0.582	408	168	0	21	428	6	407	4.180E-145	460
Seq1	BGC0000201|aur1E	0.589	406	164	0	21	426	6	405	7.832E-145	459
Seq1	BGC0000238|lct32	0.597	404	161	0	21	424	6	405	7.832E-145	459
Seq1	BGC0000199|arm8	0.590	402	162	0	21	422	5	400	1.468E-144	458
Seq1	BGC0001512|abxK	0.588	407	165	0	19	425	9	409	2.009E-144	458
Seq1	BGC0001366|gene8	0.581	408	169	0	19	423	13	420	2.750E-144	457
Seq1	BGC0000190|sanG	0.599	408	160	0	16	423	21	421	3.764E-144	457
Seq1	BGC0000254|oxyB	0.595	408	164	0	15	422	13	418	5.153E-144	456
Seq1	BGC0001922|idmB17	0.596	402	160	0	21	422	8	405	7.054E-144	456
Seq1	BGC0002012|gene16	0.590	403	160	0	21	423	6	396	9.655E-144	456
Seq1	BGC0000192|aknC	0.572	408	172	0	21	428	6	407	1.809E-143	455
Seq1	BGC0000269|ssfB	0.560	406	176	0	18	423	9	409	4.640E-143	454
Seq1	BGC0000209|ctcV	0.590	402	162	0	21	422	5	399	8.694E-143	453
Seq1	BGC0002000|gene11	0.580	403	164	0	21	423	7	397	1.190E-142	452
Seq1	BGC0000211|chryB	0.574	402	167	0	22	423	6	399	1.071E-141	450
Seq1	BGC0000239|lanB	0.567	406	173	0	21	426	6	405	3.761E-141	448
Seq1	BGC0000208|chdK	0.576	403	168	0	21	423	19	415	3.761E-141	448
Seq1	BGC0000275|tcmL	0.590	403	163	0	21	423	8	406	7.047E-141	447
Seq1	BGC0000279|xanE	0.570	415	172	0	21	422	10	424	3.386E-140	445
Seq1	BGC0000216|dacB	0.587	404	164	0	20	423	4	401	4.634E-140	445
Seq1	BGC0000222|pnxB	0.562	413	178	0	11	423	7	414	2.226E-139	443
Seq1	BGC0001439|gene2	0.564	403	173	0	21	423	5	402	7.813E-139	441
Seq1	BGC0001061|pokP2	0.575	404	170	0	21	424	5	405	7.813E-139	441
Seq1	BGC0000230|grhB	0.568	406	172	0	17	422	11	410	2.742E-138	440
Seq1	BGC0000214|cosC	0.565	405	171	0	21	425	5	398	5.137E-138	439
Seq1	BGC0001693|gene53	0.564	404	173	0	20	423	4	401	2.467E-137	437
Seq1	BGC0000231|gene2	0.565	406	174	0	21	426	13	412	3.377E-137	437
Seq1	BGC0000219|elmL	0.578	404	168	0	19	422	11	408	4.621E-137	436
Seq1	BGC0001568|gene14	0.562	405	172	0	21	425	5	398	2.219E-136	434
Seq1	BGC0000256|pdmB	0.572	400	167	0	27	426	1	391	5.690E-136	433
Seq1	BGC0000242|llpE	0.580	405	166	0	19	423	6	402	1.459E-135	432
Seq1	BGC0001409|dutB	0.559	405	177	0	20	424	4	405	3.739E-135	431
Seq1	BGC0000266|rubB	0.559	415	180	0	12	426	8	416	5.117E-135	430
Seq1	BGC0001179|rslK2	0.574	402	168	0	21	422	9	404	7.004E-135	430
Seq1	BGC0001558|gene26	0.553	405	176	0	21	425	5	398	9.585E-135	430
Seq1	BGC0000227|gra-orf2	0.592	403	161	0	20	422	9	404	3.023E-133	425
Seq1	BGC0000200|gene17	0.558	402	174	0	21	422	7	401	5.090E-132	422
Seq1	BGC0000204|benB	0.539	403	183	0	21	423	3	400	2.443E-131	420
Seq1	BGC0000218|dpsB	0.543	404	181	0	20	423	27	422	2.443E-131	420
Seq1	BGC0001500|NAI698_09173	0.561	405	174	0	20	424	9	406	3.343E-131	419
Seq1	BGC0000198|gene33	0.558	402	175	0	22	423	6	402	4.575E-131	419
Seq1	BGC0000217|gene3	0.530	403	185	0	21	423	1	395	1.415E-123	397
Seq1	BGC0001197|gene11	0.520	406	192	0	21	426	25	426	1.124E-118	383
Seq1	BGC0000233|gene27	0.513	403	195	0	20	422	4	404	7.781E-110	357
Seq1	BGC0001590|gene20	0.491	406	206	0	21	426	6	410	6.958E-109	355
Seq1	BGC0000226|gilB	0.472	404	204	0	19	422	2	389	1.197E-99	328
Seq1	BGC0000272|gene3	0.442	407	225	0	17	423	5	409	3.713E-90	300
Seq1	BGC0000215|CurB	0.430	402	226	0	22	423	15	412	1.407E-82	278
Seq1	BGC0000264|remB	0.392	408	244	0	21	423	4	411	1.435E-70	243
Seq1	BGC0001940|pcyF	0.375	402	251	0	21	422	6	407	2.251E-62	219
Seq1	BGC0001693|gene52	0.359	412	259	0	21	425	7	418	1.099E-53	193
Seq1	BGC0000240|lom58	0.353	412	261	0	18	422	4	415	3.204E-52	189
Seq1	BGC0000233|gene28	0.341	417	273	0	9	425	3	418	1.091E-51	187
Seq1	BGC0000210|cmmP	0.341	413	267	0	21	426	6	418	1.091E-51	187
Seq1	BGC0001675|mrqA	0.334	413	270	0	21	426	1	413	3.713E-51	186
Seq1	BGC0000241|gene52	0.351	412	262	0	18	422	4	415	1.263E-50	184
Seq1	BGC0000263|ravA	0.339	413	268	0	21	426	7	419	4.292E-50	183
Seq1	BGC0000199|arm7	0.333	413	270	0	21	426	6	418	1.074E-49	181
Seq1	BGC0000214|cosB	0.356	413	261	0	21	426	6	418	1.458E-49	181
Seq1	BGC0001568|gene15	0.347	412	264	0	22	426	7	418	1.979E-49	181
Seq1	BGC0001072|simA1	0.333	413	270	0	21	426	6	418	1.979E-49	181
Seq1	BGC0001558|gene25	0.347	412	264	0	22	426	7	418	1.979E-49	181
Seq1	BGC0002028|gene20	0.323	412	274	0	22	426	7	418	9.115E-49	179
Seq1	BGC0000212|gene16	0.338	419	272	0	15	426	2	420	9.115E-49	179
Seq1	BGC0000238|lct31	0.329	413	272	0	18	423	2	414	1.679E-48	178
Seq1	BGC0000221|gene2	0.327	415	274	0	21	428	14	428	1.679E-48	178
Seq1	BGC0000225|frnL	0.338	408	265	0	22	422	7	414	7.720E-48	176
Seq1	BGC0001439|gene1	0.330	412	271	0	21	426	11	422	1.421E-47	175
Seq1	BGC0000192|aknB	0.330	413	271	0	21	426	7	419	3.546E-47	174
Seq1	BGC0000274|gene32	0.331	409	268	0	21	422	6	414	4.810E-47	173
Seq1	BGC0001730|gene16	0.334	414	270	0	22	428	7	420	6.524E-47	173
Seq1	BGC0001960|hrsM1	0.319	413	276	0	21	426	6	418	6.524E-47	173
Seq1	BGC0000235|gene13	0.320	413	275	0	21	426	10	422	8.848E-47	173
Seq1	BGC0000226|gilA	0.328	410	271	0	22	426	7	416	1.200E-46	172
Seq1	BGC0000191|aknB	0.328	413	272	0	21	426	7	419	1.200E-46	172
Seq1	BGC0001409|dutA	0.315	412	277	0	21	425	1	412	1.627E-46	172
Seq1	BGC0000245|med-ORF1	0.323	415	276	0	21	428	6	420	2.207E-46	171
Seq1	BGC0001622|gene8	0.326	408	270	0	22	422	7	414	2.992E-46	171
Seq1	BGC0000267|saqA	0.323	416	276	0	17	425	2	417	2.992E-46	171
Seq1	BGC0000275|tcmK	0.329	413	272	0	21	426	10	422	2.992E-46	171
Seq1	BGC0000218|dpsA	0.338	409	265	0	21	422	6	414	4.057E-46	171
Seq1	BGC0000273|stfP	0.321	413	275	0	21	426	6	418	4.057E-46	171
Seq1	BGC0000219|elmK	0.334	418	274	0	15	426	2	419	4.057E-46	171
Seq1	BGC0000254|oxyA	0.324	411	273	0	21	425	11	421	4.057E-46	171
Seq1	BGC0000268|schP8	0.317	415	278	0	21	428	1	415	5.501E-46	170
Seq1	BGC0000227|gra-orf1	0.322	415	276	0	21	428	6	420	5.501E-46	170
Seq1	BGC0001061|pokP1	0.326	412	272	0	21	425	6	417	5.501E-46	170
Seq1	BGC0000231|gene1	0.336	414	270	0	20	426	5	418	7.458E-46	170
Seq1	BGC0000217|gene2	0.324	412	274	0	21	426	6	417	1.011E-45	169
Seq1	BGC0000203|bexA	0.322	415	276	0	21	428	7	421	1.011E-45	169
Seq1	BGC0000262|gene15	0.313	413	278	0	21	426	6	418	1.011E-45	169
Seq1	BGC0001851|gene21	0.313	420	284	0	15	428	5	424	1.011E-45	169
Seq1	BGC0000229|gene10	0.323	413	274	0	21	426	10	422	1.371E-45	169
Seq1	BGC0000195|alnL	0.320	412	275	0	22	426	7	418	2.519E-45	168
Seq1	BGC0000190|sanF	0.323	417	278	0	15	426	2	418	2.519E-45	168
Seq1	BGC0001852|gene22	0.315	420	283	0	15	428	5	424	2.519E-45	168
Seq1	BGC0001769|sqnH	0.317	413	277	0	21	426	1	413	3.414E-45	168
Seq1	BGC0000222|pnxA	0.339	415	268	0	22	428	8	422	3.414E-45	168
Seq1	BGC0000198|gene32	0.337	416	271	0	20	428	5	420	4.627E-45	168
Seq1	BGC0001940|pcyE	0.306	413	281	0	21	426	8	420	4.627E-45	168
Seq1	BGC0000204|benA	0.309	414	281	0	20	426	7	420	6.271E-45	167
Seq1	BGC0000223|gene11	0.317	412	276	0	21	425	7	418	6.271E-45	167
Seq1	BGC0000239|lanA	0.313	415	278	0	21	426	6	420	8.499E-45	167
Seq1	BGC0001177|msnK1	0.313	416	280	0	20	428	5	420	1.561E-44	166
Seq1	BGC0001062|gene17	0.312	417	281	0	18	427	4	420	1.561E-44	166
Seq1	BGC0000197|gene11	0.329	413	271	0	22	426	7	419	1.561E-44	166
Seq1	BGC0002012|gene15	0.316	413	277	0	21	426	7	419	1.561E-44	166
Seq1	BGC0001384|sprD	0.319	413	276	0	21	426	10	422	1.561E-44	166
Seq1	BGC0000211|chryA	0.328	412	271	0	21	425	6	417	2.115E-44	166
Seq1	BGC0000236|kinA	0.318	413	276	0	21	426	8	420	2.115E-44	166
Seq1	BGC0001366|gene7	0.330	414	272	0	19	425	4	417	2.866E-44	165
Seq1	BGC0001661|may16	0.320	413	275	0	21	426	7	419	2.866E-44	165
Seq1	BGC0002021|gene10	0.319	416	278	0	20	428	5	420	3.883E-44	165
Seq1	BGC0001438|gene28	0.307	412	280	0	22	426	19	430	3.883E-44	165
Seq1	BGC0000269|ssfA	0.307	412	281	0	21	426	8	419	7.126E-44	164
Seq1	BGC0001895|gene6	0.311	413	279	0	21	426	2	414	9.654E-44	164
Seq1	BGC0000224|gene8	0.331	414	272	0	20	426	5	418	9.654E-44	164
Seq1	BGC0001179|rslK3	0.317	413	277	0	21	426	6	418	9.654E-44	164
Seq1	BGC0002000|gene10	0.305	413	281	0	21	426	7	419	1.308E-43	163
Seq1	BGC0001904|gene7	0.316	412	276	0	21	425	7	418	1.771E-43	163
Seq1	BGC0000234|jadA	0.323	412	274	0	21	426	7	418	1.771E-43	163
Seq1	BGC0000232|hrbC	0.304	414	283	0	20	426	6	419	1.771E-43	163
Seq1	BGC0000237|lcz31	0.308	411	279	0	20	423	4	414	4.401E-43	162
Seq1	BGC0001500|NAI698_09172	0.313	415	280	0	20	427	5	419	5.960E-43	161
Seq1	BGC0000242|llpF	0.329	410	270	0	20	422	6	415	5.960E-43	161
Seq1	BGC0000201|aur1D	0.323	413	274	0	21	426	6	418	8.071E-43	161
Seq1	BGC0001625|ifqN	0.309	410	278	0	21	423	6	415	1.480E-42	160
Seq1	BGC0001197|gene10	0.311	423	280	0	22	428	28	450	1.480E-42	160
Seq1	BGC0001922|idmB18	0.323	415	275	0	20	426	4	418	2.003E-42	160
Seq1	BGC0001073|gene19	0.317	414	277	0	20	426	5	418	2.003E-42	160
Seq1	BGC0000209|ctcW	0.316	417	280	0	16	426	7	423	2.003E-42	160
Seq1	BGC0000200|gene16	0.323	413	274	0	21	426	6	418	2.712E-42	159
Seq1	BGC0000208|chdP	0.310	412	279	0	21	426	11	422	2.712E-42	159
Seq1	BGC0002016|gene10	0.314	413	278	0	21	426	10	422	3.672E-42	159
Seq1	BGC0002021|gene31	0.320	409	273	0	21	422	6	414	6.729E-42	158
Seq1	BGC0000194|SCO5087	0.313	415	280	0	21	428	49	463	1.233E-41	157
Seq1	BGC0001376|gene24	0.319	415	277	0	21	428	8	422	2.258E-41	156
Seq1	BGC0000216|dacA	0.307	421	287	0	12	426	2	422	4.134E-41	156
Seq1	BGC0001596|gene9	0.316	407	273	0	27	426	3	409	5.594E-41	155
Seq1	BGC0000256|pdmA	0.315	419	282	0	12	423	4	422	7.568E-41	155
Seq1	BGC0000247|mtmP	0.327	411	272	0	21	425	6	416	1.024E-40	154
Seq1	BGC0000279|xanF	0.318	415	278	0	20	427	5	419	2.535E-40	153
Seq1	BGC0001762|rubE8	0.320	402	268	0	29	423	2	403	4.637E-40	153
Seq1	BGC0000202|azicA	0.304	411	280	0	22	425	8	418	6.271E-40	152
Seq1	BGC0000230|grhA	0.304	416	283	0	20	427	5	420	8.480E-40	152
Seq1	BGC0000215|CurA	0.316	411	276	0	22	425	7	417	1.147E-39	151
Seq1	BGC0000261|zhuB	0.293	410	284	0	21	423	1	410	7.001E-39	149
Seq1	BGC0000266|rubA	0.307	416	283	0	20	428	8	423	2.335E-38	147
Seq1	BGC0000272|gene2	0.302	412	282	0	22	426	7	418	2.591E-37	144
Seq1	BGC0000220|encA	0.303	410	279	0	21	422	6	415	4.725E-37	143
Seq1	BGC0001386|ifnN	0.285	410	287	0	21	423	6	415	8.614E-37	143
Seq1	BGC0000253|ovmP	0.325	358	236	0	21	371	7	364	1.163E-36	142
Seq1	BGC0001512|abxP	0.309	400	272	0	29	422	2	401	1.891E-34	136
Seq1	BGC0000196|gene6	0.269	412	296	0	21	426	15	426	1.197E-28	118
Seq1	BGC0001072|gene3	0.280	410	287	0	13	422	7	406	8.100E-24	103
Seq1	BGC0000196|gene5	0.259	269	186	0	17	285	2	253	7.444E-15	74
